Év 	Hét 	Húzásdátum 	5 találat (db) 	5 találat (Ft) 	4 találat (db) 	4 találat (Ft) 	3 találat (db) 	3 találat (Ft) 	2 találat (db) 	2 találat (Ft) 	Számok
2015 	9 	2015.02.28. 	0 	0 Ft 	49 	1578995 Ft 	5018 	16325 Ft 	140271 	1135 Ft 	18 	19 	22 	62 	67
2015 	8 	2015.02.21. 	0 	0 Ft 	22 	3376465 Ft 	2923 	26910 Ft 	99358 	1540 Ft 	1 	45 	64 	73 	86
2015 	7 	2015.02.14. 	0 	0 Ft 	34 	2327085 Ft 	3149 	26605 Ft 	96715 	1685 Ft 	18 	31 	46 	49 	85
2015 	6 	2015.02.07. 	0 	0 Ft 	75 	921545 Ft 	5074 	14425 Ft 	121485 	1170 Ft 	18 	27 	52 	57 	73
2015 	5 	2015.01.31. 	0 	0 Ft 	43 	1544615 Ft 	3970 	17715 Ft 	106323 	1285 Ft 	27 	35 	42 	55 	71
2015 	4 	2015.01.24. 	0 	0 Ft 	24 	2851625 Ft 	3105 	23340 Ft 	102267 	1380 Ft 	3 	50 	55 	57 	58
2015 	3 	2015.01.17. 	0 	0 Ft 	28 	2496165 Ft 	2951 	25080 Ft 	91268 	1575 Ft 	63 	68 	69 	75 	86
2015 	2 	2015.01.10. 	0 	0 Ft 	135 	460425 Ft 	8683 	7580 Ft 	164999 	775 Ft 	5 	19 	23 	25 	67
2015 	1 	2015.01.03. 	0 	0 Ft 	10 	6127020 Ft 	1881 	34490 Ft 	65981 	1910 Ft 	46 	54 	55 	70 	85
2014 	52 	2014.12.27. 	0 	0 Ft 	29 	1988390 Ft 	3275 	18645 Ft 	97256 	1220 Ft 	10 	11 	29 	35 	48
2014 	51 	2014.12.20. 	0 	0 Ft 	26 	2326960 Ft 	2901 	22080 Ft 	98340 	1340 Ft 	6 	7 	40 	57 	67
2014 	50 	2014.12.13. 	0 	0 Ft 	30 	2015140 Ft 	3236 	19780 Ft 	120714 	1030 Ft 	3 	4 	55 	56 	69
2014 	49 	2014.12.06. 	0 	0 Ft 	183 	321410 Ft 	8435 	7385 Ft 	154649 	785 Ft 	7 	19 	23 	44 	66
2014 	48 	2014.11.29. 	0 	0 Ft 	44 	1277295 Ft 	2812 	21160 Ft 	75936 	1525 Ft 	37 	45 	59 	65 	76
2014 	47 	2014.11.22. 	0 	0 Ft 	91 	618250 Ft 	4139 	14390 Ft 	90485 	1280 Ft 	25 	38 	43 	57 	72
2014 	46 	2014.11.15. 	0 	0 Ft 	49 	1167555 Ft 	3912 	15485 Ft 	103212 	1140 Ft 	9 	19 	57 	61 	62
2014 	45 	2014.11.08. 	0 	0 Ft 	14 	3960320 Ft 	1964 	29890 Ft 	63537 	1795 Ft 	14 	30 	51 	62 	78
2014 	44 	2014.11.01. 	0 	0 Ft 	19 	2593950 Ft 	1968 	26515 Ft 	55876 	1815 Ft 	37 	62 	66 	85 	90
2014 	43 	2014.10.25. 	0 	0 Ft 	47 	1101905 Ft 	3055 	17950 Ft 	79286 	1345 Ft 	27 	49 	72 	79 	81
2014 	42 	2014.10.18. 	0 	0 Ft 	23 	2374635 Ft 	2388 	24215 Ft 	77794 	1445 Ft 	10 	17 	61 	63 	73
2014 	41 	2014.10.11. 	0 	0 Ft 	21 	2647925 Ft 	2262 	26030 Ft 	73096 	1565 Ft 	4 	31 	38 	75 	89
2014 	40 	2014.10.04. 	0 	0 Ft 	43 	1241620 Ft 	4009 	14100 Ft 	102739 	1070 Ft 	8 	14 	19 	30 	34
2014 	39 	2014.09.27. 	0 	0 Ft 	25 	2101530 Ft 	3393 	16395 Ft 	83169 	1300 Ft 	27 	32 	36 	39 	57
2014 	38 	2014.09.20. 	0 	0 Ft 	100 	529215 Ft 	5748 	9750 Ft 	116451 	935 Ft 	2 	7 	12 	25 	76
2014 	37 	2014.09.13. 	0 	0 Ft 	22 	2428080 Ft 	2394 	23625 Ft 	76973 	1430 Ft 	7 	39 	40 	58 	68
2014 	36 	2014.09.06. 	1 	387392635 Ft 	70 	793275 Ft 	4717 	12465 Ft 	104031 	1100 Ft 	3 	16 	27 	45 	81
2014 	35 	2014.08.30. 	0 	0 Ft 	21 	2599165 Ft 	3000 	19265 Ft 	90999 	1310 Ft 	19 	53 	60 	66 	67
